YEAR	STATEICP	STATENM	HO	VEP	VEPHO
2018	0	United States	117,069,237	235,714,420	0.496657086
2018	41	Alabama	1,719,589	3,641,209	0.472257703
2018	81	Alaska	283,134	521,777	0.542634114
2018	61	Arizona	2,384,308	4,910,625	0.485540639
2018	42	Arkansas	891,509	2,171,940	0.41046668
2018	71	California	12,464,235	25,635,139	0.48621679
2018	62	Colorado	2,525,062	4,103,903	0.615283061
2018	1	Connecticut	1,406,803	2,614,176	0.538143951
2018	11	Delaware	362,592	710,434	0.510380978
2018	55	District of Columbia	224,658	529,198	0.424525414
2018	43	Florida	8,220,561	15,140,654	0.542946229
2018	44	Georgia	3,939,328	7,178,075	0.548800061
2018	82	Hawaii	390,843	1,014,363	0.38530881
2018	63	Idaho	605,131	1,224,275	0.494277021
2018	21	Illinois	4,570,842	9,017,850	0.506866049
2018	22	Indiana	2,282,565	4,923,068	0.463646856
2018	31	Iowa	1,327,638	2,312,204	0.574187226
2018	32	Kansas	1,055,566	2,072,292	0.509371266
2018	51	Kentucky	1,569,798	3,319,907	0.472843968
2018	45	Louisiana	1,460,585	3,394,257	0.430310669
2018	2	Maine	634,409	1,073,006	0.591244597
2018	52	Maryland	2,304,512	4,306,482	0.535126351
2018	3	Massachusetts	2,707,090	5,042,403	0.536865062
2018	23	Michigan	4,250,585	7,513,813	0.565702793
2018	33	Minnesota	2,596,879	4,064,389	0.638934659
2018	46	Mississippi	936,215	2,201,276	0.425305595
2018	34	Missouri	2,442,289	4,570,675	0.534338801
2018	64	Montana	504,384	821,710	0.613822395
2018	35	Nebraska	698,417	1,364,285	0.511928959
2018	65	Nevada	972,132	2,052,636	0.473601749
2018	4	New Hampshire	573,608	1,062,391	0.539921743
2018	12	New Jersey	3,169,310	6,114,344	0.518340152
2018	66	New Mexico	696,459	1,482,246	0.46986735
2018	13	New York	6,104,477	13,772,077	0.443250281
2018	47	North Carolina	3,693,104	7,577,011	0.487409085
2018	36	North Dakota	326,138	564,114	0.578142007
2018	24	Ohio	4,429,582	8,839,520	0.501111146
2018	53	Oklahoma	1,186,385	2,798,385	0.423953459
2018	72	Oregon	1,866,997	3,113,178	0.599707758
2018	14	Pennsylvania	5,012,582	9,758,386	0.513669166
2018	5	Rhode Island	376,738	793,460	0.474804023
2018	48	South Carolina	1,707,569	3,819,264	0.447093733
2018	37	South Dakota	339,214	640,417	0.529676757
2018	54	Tennessee	2,243,740	5,031,061	0.445977499
2018	49	Texas	8,371,655	18,072,155	0.463235015
2018	67	Utah	1,065,630	2,082,549	0.511695043
2018	6	Vermont	274,087	497,750	0.550651934
2018	40	Virginia	3,351,373	6,141,102	0.545728275
2018	73	Washington	3,086,168	5,316,196	0.580521862
2018	56	West Virginia	586,034	1,405,262	0.417028284
2018	25	Wisconsin	2,673,308	4,337,051	0.616388417
2018	68	Wyoming	203,420	421,722	0.482355675
2016	0	United States	136,700,729	230,931,921	0.591952504
2016	41	Alabama	2,123,372	3,609,447	0.588281806
2016	81	Alaska	318,608	522,679	0.609567249
2016	61	Arizona	2,604,657	4,740,310	0.54946976
2016	42	Arkansas	1,130,635	2,140,097	0.528310165
2016	71	California	14,181,595	25,104,844	0.564894767
2016	62	Colorado	2,780,247	3,974,405	0.699537918
2016	1	Connecticut	1,644,920	2,582,761	0.636884327
2016	11	Delaware	443,814	691,720	0.641609322
2016	55	District of Columbia	311,268	515,248	0.604112971
2016	43	Florida	9,420,039	14,601,066	0.645161045
2016	44	Georgia	4,114,732	6,959,963	0.591200269
2016	82	Hawaii	428,937	1,012,860	0.423490907
2016	63	Idaho	690,255	1,166,706	0.591627197
2016	21	Illinois	5,536,424	8,985,443	0.616154818
2016	22	Indiana	2,734,958	4,849,937	0.563916191
2016	31	Iowa	1,566,031	2,288,536	0.684293802
2016	32	Kansas	1,184,402	2,054,025	0.576624919
2016	51	Kentucky	1,924,149	3,282,420	0.586198293
2016	45	Louisiana	2,029,032	3,384,435	0.599518679
2016	2	Maine	747,927	1,058,372	0.706676858
2016	52	Maryland	2,781,446	4,189,616	0.663890438
2016	3	Massachusetts	3,325,046	4,948,028	0.671994176
2016	23	Michigan	4,799,284	7,420,628	0.646749035
2016	33	Minnesota	2,944,813	3,973,204	0.741168337
2016	46	Mississippi	1,209,357	2,191,241	0.551905062
2016	34	Missouri	2,808,605	4,517,925	0.621658173
2016	64	Montana	497,147	804,250	0.618149829
2016	35	Nebraska	844,227	1,343,821	0.62822876
2016	65	Nevada	1,125,385	1,961,587	0.57371149
2016	4	New Hampshire	744,296	1,042,795	0.713751025
2016	12	New Jersey	3,874,046	6,013,656	0.644208116
2016	66	New Mexico	798,319	1,464,515	0.545108107
2016	13	New York	7,721,453	13,604,645	0.56756005
2016	47	North Carolina	4,741,564	7,352,501	0.64489131
2016	36	North Dakota	344,360	566,783	0.607569387
2016	24	Ohio	5,496,487	8,736,808	0.629118438
2016	53	Oklahoma	1,452,992	2,778,219	0.522994048
2016	72	Oregon	2,001,336	3,024,174	0.661779382
2016	14	Pennsylvania	6,165,478	9,691,160	0.63619608
2016	5	Rhode Island	464,144	786,012	0.59050498
2016	48	South Carolina	2,103,027	3,709,283	0.566963211
2016	37	South Dakota	370,093	631,173	0.586357465
2016	54	Tennessee	2,508,027	4,909,426	0.510859518
2016	49	Texas	8,969,226	17,448,910	0.514027868
2016	67	Utah	1,131,430	1,991,885	0.56801974
2016	6	Vermont	315,067	494,871	0.636664909
2016	40	Virginia	3,984,631	6,027,152	0.661113408
2016	73	Washington	3,317,019	5,123,020	0.647473365
2016	56	West Virginia	714,423	1,423,031	0.502043174
2016	25	Wisconsin	2,976,150	4,285,071	0.69453925
2016	68	Wyoming	255,849	429,682	0.595438022
2014	0	United States	81,687,059	227,157,964	0.359604645
2014	41	Alabama	1,180,413	3,588,783	0.328917352
2014	81	Alaska	282,382	520,562	0.542456038
2014	61	Arizona	1,506,416	4,510,186	0.334003077
2014	42	Arkansas	848,592	2,117,881	0.400679736
2014	71	California	7,317,581	24,440,416	0.299404928
2014	62	Colorado	2,041,020	3,800,664	0.53701669
2014	1	Connecticut	1,089,880	2,577,311	0.422874849
2014	11	Delaware	234,038	681,526	0.343402893
2014	55	District of Columbia	175,071	495,899	0.353037615
2014	43	Florida	5,951,561	13,914,216	0.4277324
2014	44	Georgia	2,567,761	6,725,041	0.381820869
2014	82	Hawaii	366,125	1,012,123	0.36173963
2014	63	Idaho	439,830	1,119,882	0.392746736
2014	21	Illinois	3,627,690	9,028,752	0.401793072
2014	22	Indiana	1,341,814	4,829,510	0.277836468
2014	31	Iowa	1,129,700	2,269,179	0.497845256
2014	32	Kansas	869,502	2,048,164	0.424527528
2014	51	Kentucky	1,435,868	3,247,300	0.442172882
2014	45	Louisiana	1,472,039	3,349,433	0.439489012
2014	2	Maine	611,255	1,051,557	0.581285655
2014	52	Maryland	1,733,177	4,154,546	0.417176028
2014	3	Massachusetts	2,158,326	4,896,296	0.440807909
2014	23	Michigan	3,156,531	7,383,958	0.427484961
2014	33	Minnesota	1,981,511	3,935,121	0.503545126
2014	46	Mississippi	631,858	2,181,131	0.289692825
2014	34	Missouri	1,426,303	4,493,722	0.317399029
2014	64	Montana	369,826	787,748	0.469472471
2014	35	Nebraska	539,891	1,334,453	0.404578505
2014	65	Nevada	547,349	1,867,644	0.293069236
2014	4	New Hampshire	488,159	1,025,862	0.475852503
2014	12	New Jersey	1,869,535	6,014,127	0.310857253
2014	66	New Mexico	512,805	1,449,503	0.353779882
2014	13	New York	3,819,010	13,553,426	0.281774512
2014	47	North Carolina	2,915,281	7,143,737	0.408089072
2014	36	North Dakota	248,670	567,221	0.438400553
2014	24	Ohio	3,055,913	8,701,243	0.35120419
2014	53	Oklahoma	824,831	2,755,091	0.299384303
2014	72	Oregon	1,469,717	2,887,517	0.508989904
2014	14	Pennsylvania	3,495,866	9,689,491	0.360789437
2014	5	Rhode Island	324,055	776,286	0.417442798
2014	48	South Carolina	1,246,301	3,584,461	0.347695511
2014	37	South Dakota	279,412	630,989	0.44281596
2014	54	Tennessee	1,374,065	4,799,476	0.286294796
2014	49	Texas	4,727,208	16,675,420	0.283483594
2014	67	Utah	565,970	1,905,801	0.296972244
2014	6	Vermont	193,087	495,884	0.389379371
2014	40	Virginia	2,184,473	5,962,456	0.366371341
2014	73	Washington	2,029,189	4,928,407	0.411733244
2014	56	West Virginia	451,498	1,447,652	0.311882966
2014	25	Wisconsin	2,410,314	4,260,427	0.565744701
2014	68	Wyoming	168,390	431,434	0.390303036
2012	0	United States	129,070,906	222,474,111	0.580161464
2012	41	Alabama	2,074,338	3,539,217	0.586100824
2012	81	Alaska	300,495	511,792	0.587142824
2012	61	Arizona	2,306,559	4,387,900	0.525663529
2012	42	Arkansas	1,069,468	2,109,847	0.506893628
2012	71	California	13,038,547	23,681,837	0.550571605
2012	62	Colorado	2,569,522	3,675,871	0.699023986
2012	1	Connecticut	1,558,960	2,543,202	0.612991025
2012	11	Delaware	413,921	663,967	0.623405983
2012	55	District of Columbia	293,764	477,582	0.615106935
2012	43	Florida	8,474,179	13,495,057	0.627946885
2012	44	Georgia	3,900,050	6,606,607	0.590325715
2012	82	Hawaii	434,697	982,902	0.44225874
2012	63	Idaho	652,274	1,091,410	0.597643415
2012	21	Illinois	5,242,014	8,899,143	0.589047058
2012	22	Indiana	2,624,534	4,755,291	0.551918694
2012	31	Iowa	1,582,180	2,251,748	0.702645234
2012	32	Kansas	1,156,254	2,030,686	0.569390836
2012	51	Kentucky	1,797,212	3,229,185	0.556552814
2012	45	Louisiana	1,994,065	3,311,626	0.602140761
2012	2	Maine	713,180	1,046,008	0.681811229
2012	52	Maryland	2,707,327	4,063,582	0.666241508
2012	3	Massachusetts	3,167,767	4,809,675	0.658623919
2012	23	Michigan	4,730,961	7,312,725	0.64694912
2012	33	Minnesota	2,936,561	3,861,598	0.760452279
2012	46	Mississippi	1,285,584	2,166,825	0.593303105
2012	34	Missouri	2,757,323	4,432,957	0.622005357
2012	64	Montana	484,048	774,476	0.625000646
2012	35	Nebraska	794,379	1,316,915	0.603212052
2012	65	Nevada	1,014,918	1,800,969	0.563539961
2012	4	New Hampshire	710,972	1,013,420	0.701557104
2012	12	New Jersey	3,640,292	5,918,182	0.615103084
2012	66	New Mexico	783,757	1,436,363	0.545653849
2012	13	New York	7,074,723	13,324,107	0.530971644
2012	47	North Carolina	4,505,372	6,947,954	0.648445859
2012	36	North Dakota	322,627	539,164	0.598383794
2012	24	Ohio	5,580,822	8,649,495	0.645219403
2012	53	Oklahoma	1,334,872	2,713,268	0.491979414
2012	72	Oregon	1,789,270	2,836,101	0.63089079
2012	14	Pennsylvania	5,742,040	9,651,432	0.594941766
2012	5	Rhode Island	446,049	768,918	0.580099568
2012	48	South Carolina	1,964,118	3,486,838	0.563294882
2012	37	South Dakota	363,815	613,190	0.593315286
2012	54	Tennessee	2,458,577	4,736,084	0.519116004
2012	49	Texas	7,993,851	16,119,973	0.495897295
2012	67	Utah	1,017,440	1,833,339	0.554965557
2012	6	Vermont	299,290	493,355	0.606642276
2012	40	Virginia	3,854,489	5,834,676	0.660617488
2012	73	Washington	3,125,516	4,822,060	0.648170284
2012	56	West Virginia	670,438	1,447,066	0.463308515
2012	25	Wisconsin	3,068,434	4,209,370	0.728953264
2012	68	Wyoming	249,061	425,142	0.585830146
2010	0	United States	89,099,476	217,551,109	0.409556524
2010	41	Alabama	1,494,273	3,472,582	0.430306037
2010	81	Alaska	256,192	493,764	0.518855162
2010	61	Arizona	1,727,791	4,209,544	0.41044612
2010	42	Arkansas	781,333	2,081,156	0.375432212
2010	71	California	10,095,485	22,946,053	0.43996608
2010	62	Colorado	1,787,730	3,533,054	0.506001324
2010	1	Connecticut	1,153,115	2,512,981	0.458863398
2010	11	Delaware	307,402	646,969	0.475141776
2010	55	District of Columbia	132,656	458,619	0.28925099
2010	43	Florida	5,411,106	12,961,184	0.41748547
2010	44	Georgia	2,576,161	6,464,845	0.398487667
2010	82	Hawaii	382,563	959,531	0.398697906
2010	63	Idaho	452,535	1,069,446	0.423148995
2010	21	Illinois	3,729,989	8,798,829	0.423918796
2010	22	Indiana	1,744,481	4,697,111	0.371394459
2010	31	Iowa	1,116,063	2,234,516	0.499465209
2010	32	Kansas	838,790	2,011,497	0.416997888
2010	51	Kentucky	1,356,468	3,198,093	0.424149016
2010	45	Louisiana	1,264,994	3,249,524	0.389285938
2010	2	Maine	572,766	1,038,201	0.551690858
2010	52	Maryland	1,857,880	4,001,034	0.464349966
2010	3	Massachusetts	2,297,039	4,693,670	0.489390818
2010	23	Michigan	3,226,088	7,245,281	0.445267478
2010	33	Minnesota	2,107,021	3,802,677	0.554088869
2010	46	Mississippi	788,549	2,129,334	0.37032659
2010	34	Missouri	1,943,899	4,366,435	0.445191329
2010	64	Montana	360,341	758,653	0.474974725
2010	35	Nebraska	487,988	1,301,483	0.374947656
2010	65	Nevada	721,404	1,747,288	0.412870689
2010	4	New Hampshire	456,588	999,918	0.456625443
2010	12	New Jersey	2,121,584	5,834,037	0.363656247
2010	66	New Mexico	602,827	1,408,872	0.427879183
2010	13	New York	4,658,586	13,135,048	0.354668365
2010	47	North Carolina	2,660,079	6,785,463	0.392026159
2010	36	North Dakota	238,812	516,974	0.461941993
2010	24	Ohio	3,852,453	8,571,952	0.449425405
2010	53	Oklahoma	1,034,767	2,666,767	0.388023026
2010	72	Oregon	1,453,548	2,760,607	0.526532027
2010	14	Pennsylvania	3,987,551	9,565,822	0.416853983
2010	5	Rhode Island	342,290	763,534	0.448296998
2010	48	South Carolina	1,344,198	3,388,417	0.39670383
2010	37	South Dakota	317,083	599,507	0.528906251
2010	54	Tennessee	1,601,549	4,622,919	0.346436743
2010	49	Texas	4,979,870	15,514,007	0.320991862
2010	67	Utah	643,307	1,772,934	0.362848814
2010	6	Vermont	241,605	488,942	0.494138364
2010	40	Virginia	2,189,841	5,660,589	0.386857445
2010	73	Washington	2,511,094	4,724,350	0.531521585
2010	56	West Virginia	529,948	1,442,003	0.367508251
2010	25	Wisconsin	2,171,331	4,172,130	0.520437043
2010	68	Wyoming	188,463	414,536	0.454636027
2008	0	United States	131,304,731	213,313,508	0.61554813
2008	41	Alabama	2,099,819	3,454,510	0.607848581
2008	81	Alaska	326,197	479,429	0.68038646
2008	61	Arizona	2,293,475	4,046,075	0.566839468
2008	42	Arkansas	1,086,617	2,071,563	0.524539683
2008	71	California	13,561,900	22,261,504	0.609208614
2008	62	Colorado	2,401,361	3,382,959	0.709840409
2008	1	Connecticut	1,646,792	2,471,082	0.666425477
2008	11	Delaware	412,398	628,200	0.656475645
2008	55	District of Columbia	265,853	432,566	0.614595229
2008	43	Florida	8,390,744	12,687,407	0.661344276
2008	44	Georgia	3,924,440	6,281,872	0.624724604
2008	82	Hawaii	453,568	930,067	0.487672393
2008	63	Idaho	655,032	1,029,416	0.636314182
2008	21	Illinois	5,523,051	8,681,138	0.636212787
2008	22	Indiana	2,751,054	4,653,019	0.591240655
2008	31	Iowa	1,537,123	2,216,094	0.693618141
2008	32	Kansas	1,235,872	1,991,759	0.62049274
2008	51	Kentucky	1,826,508	3,152,629	0.579360274
2008	45	Louisiana	1,960,761	3,205,794	0.611630379
2008	2	Maine	731,163	1,036,242	0.705590972
2008	52	Maryland	2,631,596	3,925,117	0.670450333
2008	3	Massachusetts	3,080,985	4,612,550	0.667956987
2008	23	Michigan	5,001,766	7,229,512	0.69185389
2008	33	Minnesota	2,910,369	3,740,142	0.778143985
2008	46	Mississippi	1,289,856	2,113,347	0.610338009
2008	34	Missouri	2,925,205	4,327,572	0.675946004
2008	64	Montana	491,960	741,853	0.663150247
2008	35	Nebraska	801,281	1,274,719	0.628594224
2008	65	Nevada	967,848	1,696,831	0.570385619
2008	4	New Hampshire	710,970	992,226	0.716540385
2008	12	New Jersey	3,868,237	5,776,527	0.669647524
2008	66	New Mexico	830,158	1,362,629	0.609232594
2008	13	New York	7,640,640	12,948,969	0.590057788
2008	47	North Carolina	4,310,789	6,584,302	0.654707059
2008	36	North Dakota	316,621	504,762	0.627267901
2008	24	Ohio	5,698,260	8,513,079	0.669353591
2008	53	Oklahoma	1,462,661	2,619,121	0.558454917
2008	72	Oregon	1,827,864	2,700,327	0.676904686
2008	14	Pennsylvania	6,012,692	9,457,942	0.635729422
2008	5	Rhode Island	471,766	763,608	0.617811757
2008	48	South Carolina	1,920,969	3,311,044	0.580170182
2008	37	South Dakota	381,975	590,720	0.646626151
2008	54	Tennessee	2,599,749	4,563,192	0.56972159
2008	49	Texas	8,077,795	14,929,810	0.541051427
2008	67	Utah	952,370	1,700,286	0.560123415
2008	6	Vermont	325,046	482,677	0.673423428
2008	40	Virginia	3,723,260	5,555,415	0.670203756
2008	73	Washington	3,036,878	4,561,163	0.665812206
2008	56	West Virginia	713,362	1,430,439	0.498701448
2008	25	Wisconsin	2,983,417	4,120,694	0.724008383
2008	68	Wyoming	254,658	405,732	0.627650765
2006	0	United States	83,815,592	207,643,594	0.403651229
2006	41	Alabama	1,250,401	3,338,467	0.374543466
2006	81	Alaska	237,322	465,169	0.510184471
2006	61	Arizona	1,526,782	3,923,786	0.389109396
2006	42	Arkansas	774,680	2,004,193	0.386529641
2006	71	California	8,679,416	21,582,217	0.402155905
2006	62	Colorado	1,558,405	3,297,308	0.47262949
2006	1	Connecticut	1,134,780	2,437,559	0.465539501
2006	11	Delaware	254,099	601,341	0.422553925
2006	55	District of Columbia	120,620	426,612	0.282739351
2006	43	Florida	4,829,270	12,187,858	0.396236156
2006	44	Georgia	2,122,258	6,115,331	0.347038942
2006	82	Hawaii	344,315	908,925	0.378815634
2006	63	Idaho	450,832	993,010	0.454005498
2006	21	Illinois	3,486,671	8,667,453	0.402271694
2006	22	Indiana	1,666,922	4,559,294	0.365609676
2006	31	Iowa	1,048,033	2,178,322	0.481119412
2006	32	Kansas	849,700	1,948,850	0.436000718
2006	51	Kentucky	1,253,526	3,100,828	0.404255251
2006	45	Louisiana	902,498	3,043,573	0.296525827
2006	2	Maine	550,865	1,016,287	0.542036846
2006	52	Maryland	1,788,316	3,833,349	0.466515311
2006	3	Massachusetts	2,219,779	4,552,794	0.48756412
2006	23	Michigan	3,801,256	7,292,624	0.521246673
2006	33	Minnesota	2,202,987	3,667,707	0.600644217
2006	46	Mississippi	610,921	2,077,420	0.294076788
2006	34	Missouri	2,128,459	4,253,541	0.500396963
2006	64	Montana	406,505	720,447	0.564239979
2006	35	Nebraska	596,087	1,251,027	0.476478126
2006	65	Nevada	582,572	1,579,222	0.368898103
2006	4	New Hampshire	403,531	975,281	0.413758701
2006	12	New Jersey	2,250,070	5,701,033	0.394677596
2006	66	New Mexico	561,084	1,320,285	0.424971881
2006	13	New York	4,490,053	12,878,632	0.348643629
2006	47	North Carolina	1,940,808	6,264,630	0.309804091
2006	36	North Dakota	218,152	486,142	0.448741314
2006	24	Ohio	4,022,754	8,461,211	0.475434781
2006	53	Oklahoma	926,462	2,547,224	0.363714381
2006	72	Oregon	1,379,475	2,628,937	0.524727295
2006	14	Pennsylvania	4,096,077	9,283,762	0.441208747
2006	5	Rhode Island	384,993	754,219	0.510452534
2006	48	South Carolina	1,091,952	3,152,046	0.346426416
2006	37	South Dakota	335,508	580,592	0.577872241
2006	54	Tennessee	1,833,695	4,433,921	0.413560593
2006	49	Texas	4,399,068	14,255,313	0.30859147
2006	67	Utah	571,252	1,664,323	0.343233855
2006	6	Vermont	262,726	478,247	0.549352113
2006	40	Virginia	2,370,445	5,385,522	0.440151391
2006	73	Washington	2,083,734	4,403,981	0.473147818
2006	56	West Virginia	459,884	1,401,490	0.328139337
2006	25	Wisconsin	2,161,700	4,064,432	0.531857834
2006	68	Wyoming	193,892	379,127	0.511417019
2004	0	United States	122,294,978	203,483,455	0.601006986
2004	41	Alabama	1,883,415	3,292,608	0.572013128
2004	81	Alaska	312,598	452,124	0.69139882
2004	61	Arizona	2,012,585	3,717,055	0.541446118
2004	42	Arkansas	1,054,945	1,969,208	0.535720452
2004	71	California	12,421,852	21,132,533	0.587807056
2004	62	Colorado	2,129,630	3,192,647	0.667042113
2004	1	Connecticut	1,578,769	2,429,634	0.649797048
2004	11	Delaware	375,190	584,817	0.641551118
2004	55	District of Columbia	227,586	419,142	0.54298066
2004	43	Florida	7,609,810	11,811,921	0.644248298
2004	44	Georgia	3,301,875	5,878,186	0.561716659
2004	82	Hawaii	429,013	889,540	0.48228635
2004	63	Idaho	598,376	946,160	0.632425805
2004	21	Illinois	5,274,322	8,576,696	0.614959653
2004	22	Indiana	2,468,002	4,504,260	0.547926185
2004	31	Iowa	1,506,908	2,156,389	0.698810836
2004	32	Kansas	1,187,756	1,928,764	0.615811992
2004	51	Kentucky	1,795,860	3,057,741	0.58731593
2004	45	Louisiana	1,943,106	3,182,762	0.610509363
2004	2	Maine	740,752	1,003,792	0.73795368
2004	52	Maryland	2,386,705	3,797,264	0.628532807
2004	3	Massachusetts	2,912,388	4,533,859	0.642364044
2004	23	Michigan	4,839,252	7,263,024	0.666286109
2004	33	Minnesota	2,828,387	3,609,185	0.783663625
2004	46	Mississippi	1,152,365	2,068,766	0.557030133
2004	34	Missouri	2,731,364	4,180,960	0.653286327
2004	64	Montana	450,445	699,114	0.644308367
2004	35	Nebraska	778,186	1,236,522	0.629334537
2004	65	Nevada	829,587	1,501,437	0.552528678
2004	4	New Hampshire	677,738	956,422	0.708618162
2004	12	New Jersey	3,611,691	5,663,201	0.637747274
2004	66	New Mexico	756,304	1,282,767	0.589587977
2004	13	New York	7,391,249	12,738,056	0.580249372
2004	47	North Carolina	3,501,007	6,055,771	0.578127376
2004	36	North Dakota	312,833	482,722	0.648060374
2004	24	Ohio	5,627,908	8,427,696	0.667787258
2004	53	Oklahoma	1,463,758	2,510,823	0.582979366
2004	72	Oregon	1,836,782	2,550,887	0.7200562
2004	14	Pennsylvania	5,769,590	9,221,962	0.625635846
2004	5	Rhode Island	437,134	747,046	0.585150044
2004	48	South Carolina	1,617,730	3,055,098	0.529518202
2004	37	South Dakota	388,215	569,161	0.682082926
2004	54	Tennessee	2,437,319	4,328,446	0.563093313
2004	49	Texas	7,410,765	13,796,256	0.53715769
2004	67	Utah	927,844	1,574,463	0.589308228
2004	6	Vermont	312,309	470,754	0.663422934
2004	40	Virginia	3,198,367	5,277,156	0.606077781
2004	73	Washington	2,859,084	4,272,914	0.669118077
2004	56	West Virginia	755,887	1,396,545	0.541255026
2004	25	Wisconsin	2,997,007	4,006,948	0.747952556
2004	68	Wyoming	243,428	370,785	0.656520625
2002	0	United States	78,381,943	198,381,939	0.395106245
2002	41	Alabama	1,364,602	3,285,643	0.415322663
2002	81	Alaska	231,484	427,337	0.54168958
2002	61	Arizona	1,226,111	3,419,481	0.358566402
2002	42	Arkansas	805,696	1,951,568	0.412845466
2002	71	California	7,476,351	20,733,192	0.360598165
2002	62	Colorado	1,416,093	3,056,465	0.46331072
2002	1	Connecticut	1,022,942	2,418,037	0.423046463
2002	11	Delaware	232,314	564,938	0.411220346
2002	55	District of Columbia	124,228	412,062	0.301478904
2002	43	Florida	5,100,581	11,194,391	0.455637203
2002	44	Georgia	2,031,604	5,731,983	0.354433012
2002	82	Hawaii	382,110	872,992	0.437701606
2002	63	Idaho	411,477	921,256	0.446647837
2002	21	Illinois	3,538,883	8,540,965	0.41434229
2002	22	Indiana	1,521,353	4,494,191	0.33851543
2002	31	Iowa	1,023,075	2,136,683	0.478814593
2002	32	Kansas	835,692	1,897,261	0.440472871
2002	51	Kentucky	1,131,313	3,044,267	0.37162082
2002	45	Louisiana	1,246,333	3,163,663	0.393952516
2002	2	Maine	505,190	995,056	0.507700069
2002	52	Maryland	1,704,560	3,678,346	0.463403932
2002	3	Massachusetts	2,194,189	4,458,820	0.492100825
2002	23	Michigan	3,177,565	7,147,888	0.444545997
2002	33	Minnesota	2,254,639	3,518,184	0.640853065
2002	46	Mississippi	615,609	2,047,426	0.300674603
2002	34	Missouri	1,877,620	4,116,889	0.456077392
2002	64	Montana	331,321	684,572	0.483982693
2002	35	Nebraska	480,991	1,204,512	0.399324374
2002	65	Nevada	504,079	1,391,100	0.362360003
2002	4	New Hampshire	447,135	930,362	0.480603249
2002	12	New Jersey	2,112,604	5,549,726	0.380668163
2002	66	New Mexico	484,229	1,255,086	0.385813402
2002	13	New York	4,579,078	12,679,865	0.36112987
2002	47	North Carolina	2,331,181	5,876,705	0.396681644
2002	36	North Dakota	231,030	476,251	0.485101344
2002	24	Ohio	3,228,992	8,322,521	0.387982439
2002	53	Oklahoma	1,035,620	2,513,143	0.412081605
2002	72	Oregon	1,267,221	2,495,739	0.507753816
2002	14	Pennsylvania	3,545,431	9,143,001	0.387775414
2002	5	Rhode Island	331,834	741,776	0.447350683
2002	48	South Carolina	1,102,010	2,982,810	0.369453636
2002	37	South Dakota	337,497	556,154	0.606840911
2002	54	Tennessee	1,644,741	4,151,834	0.396148064
2002	49	Texas	4,514,012	13,181,016	0.34246313
2002	67	Utah	557,153	1,504,529	0.370317222
2002	6	Vermont	230,161	471,403	0.488246787
2002	40	Virginia	1,489,422	5,138,270	0.28986838
2002	73	Washington	1,739,116	4,162,032	0.417852626
2002	56	West Virginia	436,183	1,398,124	0.311977335
2002	25	Wisconsin	1,775,349	3,908,088	0.454275595
2002	68	Wyoming	185,459	370,488	0.500580316
2000	0	United States	105,375,486	194,331,436	0.542246217
2000	41	Alabama	1,672,551	3,241,682	0.515951595
2000	81	Alaska	285,560	419,111	0.681346946
2000	61	Arizona	1,532,016	3,357,701	0.456269334
2000	42	Arkansas	921,781	1,925,961	0.478608341
2000	71	California	10,965,849	19,685,258	0.557058942
2000	62	Colorado	1,741,368	3,026,316	0.575408516
2000	1	Connecticut	1,459,525	2,357,687	0.619049518
2000	11	Delaware	327,529	554,863	0.590288053
2000	55	District of Columbia	201,355	416,696	0.483217981
2000	43	Florida	5,963,110	10,667,193	0.559013979
2000	44	Georgia	2,583,208	5,639,668	0.458042566
2000	82	Hawaii	367,951	832,642	0.441907807
2000	63	Idaho	501,615	877,406	0.571702268
2000	21	Illinois	4,742,123	8,432,600	0.562355976
2000	22	Indiana	2,182,295	4,424,909	0.493184154
2000	31	Iowa	1,315,563	2,082,950	0.631586452
2000	32	Kansas	1,072,216	1,927,950	0.556143054
2000	51	Kentucky	1,544,107	2,955,628	0.522429413
2000	45	Louisiana	1,765,656	3,130,267	0.564059232
2000	2	Maine	651,817	969,292	0.67246712
2000	52	Maryland	2,025,480	3,649,631	0.554982134
2000	3	Massachusetts	2,704,984	4,517,052	0.598838357
2000	23	Michigan	4,232,501	7,070,702	0.598596999
2000	33	Minnesota	2,438,657	3,506,432	0.695481047
2000	46	Mississippi	994,184	2,024,650	0.491039933
2000	34	Missouri	2,359,892	4,052,255	0.582365128
2000	64	Montana	410,986	667,525	0.615686304
2000	35	Nebraska	696,983	1,224,178	0.569347758
2000	65	Nevada	608,970	1,346,116	0.452390433
2000	4	New Hampshire	569,081	890,622	0.638970293
2000	12	New Jersey	3,187,226	5,601,788	0.568965837
2000	66	New Mexico	598,605	1,234,088	0.485058602
2000	13	New York	6,821,999	12,380,208	0.551040742
2000	47	North Carolina	2,911,262	5,744,241	0.506814042
2000	36	North Dakota	288,256	477,968	0.603086399
2000	24	Ohio	4,705,457	8,295,592	0.567223774
2000	53	Oklahoma	1,234,229	2,475,220	0.498634061
2000	72	Oregon	1,533,968	2,364,402	0.648776308
2000	14	Pennsylvania	4,912,185	9,086,897	0.540578924
2000	5	Rhode Island	408,783	753,877	0.542240976
2000	48	South Carolina	1,382,717	2,944,326	0.469620891
2000	37	South Dakota	316,269	548,498	0.576609213
2000	54	Tennessee	2,076,181	4,162,996	0.498722795
2000	49	Texas	6,407,037	13,033,081	0.491598034
2000	67	Utah	770,754	1,431,668	0.538360849
2000	6	Vermont	294,308	459,174	0.640950925
2000	40	Virginia	2,739,447	5,069,265	0.540403195
2000	73	Washington	2,487,433	4,098,044	0.60698055
2000	56	West Virginia	648,124	1,390,365	0.466153852
2000	25	Wisconsin	2,598,607	3,842,044	0.676360552
2000	68	Wyoming	213,726	361,078	0.591910889
1998	0	United States	72,537,000	190,419,570	0.380932485
1998	41	Alabama	1,317,842	3,202,052	0.411561711
1998	81	Alaska	223,300	408,758	0.546289002
1998	61	Arizona	1,017,616	3,232,815	0.31477706
1998	42	Arkansas	706,011	1,882,181	0.375102607
1998	71	California	8,381,871	19,264,556	0.435092872
1998	62	Colorado	1,327,235	2,879,973	0.460849807
1998	1	Connecticut	999,537	2,340,956	0.426978123
1998	11	Delaware	180,527	540,896	0.333755472
1998	55	District of Columbia	135,501	398,318	0.340182969
1998	43	Florida	3,965,751	10,590,870	0.374449974
1998	44	Georgia	1,792,880	5,326,337	0.336606565
1998	82	Hawaii	407,556	832,172	0.489749715
1998	63	Idaho	381,248	843,914	0.451761672
1998	21	Illinois	3,394,521	8,285,614	0.409688528
1998	22	Indiana	1,588,617	4,348,730	0.365305963
1998	31	Iowa	956,415	2,112,132	0.45281971
1998	32	Kansas	727,236	1,873,438	0.388182582
1998	51	Kentucky	1,145,414	2,930,780	0.390822238
1998	45	Louisiana	969,165	3,097,660	0.312870037
1998	2	Maine	486,808	943,577	0.51591762
1998	52	Maryland	1,535,978	3,571,087	0.430114976
1998	3	Massachusetts	1,903,336	4,430,939	0.429555902
1998	23	Michigan	3,036,886	7,005,306	0.433512255
1998	33	Minnesota	2,091,766	3,378,089	0.619215776
1998	46	Mississippi	550,694	1,995,283	0.275997941
1998	34	Missouri	1,576,857	3,978,146	0.396379871
1998	64	Montana	331,551	653,998	0.506960266
1998	35	Nebraska	545,238	1,197,953	0.455141395
1998	65	Nevada	435,790	1,233,386	0.353328155
1998	4	New Hampshire	318,940	878,508	0.363047348
1998	12	New Jersey	1,813,094	5,505,229	0.329340342
1998	66	New Mexico	498,703	1,199,320	0.415821465
1998	13	New York	4,735,236	12,263,356	0.386128887
1998	47	North Carolina	2,012,143	5,624,292	0.357759341
1998	36	North Dakota	213,358	475,629	0.448580722
1998	24	Ohio	3,404,351	8,237,516	0.413273977
1998	53	Oklahoma	873,585	2,415,036	0.361727527
1998	72	Oregon	1,117,747	2,370,381	0.471547401
1998	14	Pennsylvania	3,025,152	9,075,961	0.333314786
1998	5	Rhode Island	306,445	723,772	0.42339991
1998	48	South Carolina	1,077,135	2,825,173	0.381263377
1998	37	South Dakota	262,111	534,711	0.490191898
1998	54	Tennessee	976,236	4,092,745	0.23852842
1998	49	Texas	3,738,078	12,490,423	0.299275533
1998	67	Utah	494,909	1,381,989	0.35811356
1998	6	Vermont	218,120	444,772	0.490408569
1998	40	Virginia	1,148,861	4,900,523	0.234436406
1998	73	Washington	1,902,482	3,930,400	0.484042846
1998	56	West Virginia	351,277	1,388,176	0.253049325
1998	25	Wisconsin	1,760,836	3,801,514	0.463193349
1998	68	Wyoming	174,888	350,136	0.499485914
1996	0	United States	96,262,935	186,347,044	0.516578814
1996	41	Alabama	1,534,349	3,144,249	0.487985843
1996	81	Alaska	241,620	404,180	0.597802959
1996	61	Arizona	1,404,405	3,079,908	0.45598927
1996	42	Arkansas	884,262	1,844,689	0.479355599
1996	71	California	10,019,484	18,644,593	0.537393549
1996	62	Colorado	1,510,704	2,770,252	0.545330894
1996	1	Connecticut	1,392,614	2,337,160	0.595857365
1996	11	Delaware	270,810	528,630	0.512286476
1996	55	District of Columbia	185,726	398,839	0.465666597
1996	43	Florida	5,300,927	10,219,294	0.518717536
1996	44	Georgia	2,298,899	5,181,708	0.443656609
1996	82	Hawaii	360,120	820,055	0.439141277
1996	63	Idaho	489,481	825,329	0.593073792
1996	21	Illinois	4,311,391	8,215,662	0.524777066
1996	22	Indiana	2,135,431	4,302,745	0.49629504
1996	31	Iowa	1,234,075	2,098,332	0.588121899
1996	32	Kansas	1,063,452	1,856,507	0.572824126
1996	51	Kentucky	1,388,707	2,880,808	0.482054687
1996	45	Louisiana	1,783,959	3,087,693	0.57776437
1996	2	Maine	605,897	929,970	0.651523167
1996	52	Maryland	1,780,870	3,530,148	0.5044746
1996	3	Massachusetts	2,559,180	4,385,268	0.583585769
1996	23	Michigan	3,848,844	6,954,059	0.553467263
1996	33	Minnesota	2,192,640	3,319,509	0.660531422
1996	46	Mississippi	893,857	1,949,309	0.458550697
1996	34	Missouri	2,158,065	3,919,885	0.550542937
1996	64	Montana	407,083	645,052	0.631085556
1996	35	Nebraska	677,415	1,188,034	0.570198328
1996	65	Nevada	464,279	1,134,065	0.409393641
1996	4	New Hampshire	499,053	855,287	0.583491857
1996	12	New Jersey	3,075,860	5,456,334	0.563722822
1996	66	New Mexico	556,074	1,172,262	0.474359827
1996	13	New York	6,316,129	12,175,850	0.518742347
1996	47	North Carolina	2,515,807	5,435,970	0.462807374
1996	36	North Dakota	266,411	475,898	0.559806933
1996	24	Ohio	4,534,434	8,185,999	0.55392555
1996	53	Oklahoma	1,206,713	2,368,311	0.50952472
1996	72	Oregon	1,377,760	2,309,051	0.596678029
1996	14	Pennsylvania	4,506,118	9,063,470	0.497173599
1996	5	Rhode Island	390,247	717,041	0.544246424
1996	48	South Carolina	1,151,422	2,731,064	0.421601984
1996	37	South Dakota	323,826	529,793	0.611231179
1996	54	Tennessee	1,894,105	3,984,092	0.475416983
1996	49	Texas	5,611,644	12,072,149	0.464842175
1996	67	Utah	665,629	1,326,919	0.501634991
1996	6	Vermont	258,449	435,687	0.593198787
1996	40	Virginia	2,416,642	4,811,632	0.502249964
1996	73	Washington	2,253,867	3,829,308	0.588583368
1996	56	West Virginia	636,459	1,386,621	0.458999972
1996	25	Wisconsin	2,196,169	3,763,240	0.583584624
1996	68	Wyoming	211,571	345,112	0.613050256
1994	0	United States	75,105,860	182,623,348	0.411260996
1994	41	Alabama	1,201,969	3,095,745	0.38826486
1994	81	Alaska	213,404	399,435	0.534264649
1994	61	Arizona	1,129,607	2,892,171	0.39057407
1994	42	Arkansas	716,840	1,801,161	0.397987742
1994	71	California	8,658,881	18,479,124	0.468576378
1994	62	Colorado	1,116,307	2,648,684	0.421457222
1994	1	Connecticut	1,147,084	2,335,579	0.491134746
1994	11	Delaware	199,029	512,941	0.388015386
1994	55	District of Columbia	183,649	411,886	0.445873373
1994	43	Florida	4,206,659	9,810,247	0.428802557
1994	44	Georgia	1,545,328	4,978,431	0.310404623
1994	82	Hawaii	369,013	808,904	0.456188868
1994	63	Idaho	413,346	784,076	0.527175937
1994	21	Illinois	3,106,566	8,175,312	0.379993571
1994	22	Indiana	1,543,568	4,235,008	0.364478178
1994	31	Iowa	997,248	2,077,709	0.479974818
1994	32	Kansas	820,846	1,837,694	0.446671753
1994	51	Kentucky	784,299	2,829,881	0.27714911
1994	45	Louisiana	826,837	3,038,660	0.272105797
1994	2	Maine	511,733	918,204	0.557319506
1994	52	Maryland	1,410,299	3,480,270	0.405226893
1994	3	Massachusetts	2,179,945	4,353,287	0.500758392
1994	23	Michigan	3,089,077	6,856,388	0.450539993
1994	33	Minnesota	1,772,929	3,253,779	0.544883042
1994	46	Mississippi	608,085	1,903,794	0.319406932
1994	34	Missouri	1,775,116	3,858,946	0.460000218
1994	64	Montana	350,387	622,246	0.563100446
1994	35	Nebraska	579,561	1,164,502	0.49769
1994	65	Nevada	380,530	1,032,456	0.368567765
1994	4	New Hampshire	311,882	829,590	0.375947155
1994	12	New Jersey	2,054,887	5,392,423	0.381069326
1994	66	New Mexico	467,621	1,128,243	0.414468337
1994	13	New York	5,203,762	12,192,316	0.426806687
1994	47	North Carolina	1,588,190	5,244,552	0.302826628
1994	36	North Dakota	236,547	468,989	0.504376435
1994	24	Ohio	3,436,884	8,132,122	0.422630649
1994	53	Oklahoma	995,012	2,327,519	0.427498981
1994	72	Oregon	1,221,010	2,229,242	0.547724294
1994	14	Pennsylvania	3,585,526	9,043,585	0.396471753
1994	5	Rhode Island	361,377	716,002	0.504715071
1994	48	South Carolina	934,886	2,663,830	0.350955579
1994	37	South Dakota	311,613	518,815	0.6006245
1994	54	Tennessee	1,487,130	3,850,228	0.386244659
1994	49	Texas	4,396,242	11,719,888	0.375109557
1994	67	Utah	517,790	1,248,726	0.414654616
1994	6	Vermont	211,449	426,953	0.495251234
1994	40	Virginia	2,057,463	4,718,968	0.435998506
1994	73	Washington	1,700,173	3,715,174	0.457629441
1994	56	West Virginia	420,936	1,379,339	0.30517226
1994	25	Wisconsin	1,565,628	3,692,668	0.423982876
1994	68	Wyoming	201,710	337,032	0.598489164
1992	0	United States	104,405,155	179,655,523	0.581140804
1992	41	Alabama	1,688,060	3,030,549	0.557014587
1992	81	Alaska	258,506	389,898	0.6630093
1992	61	Arizona	1,486,975	2,671,933	0.556516574
1992	42	Arkansas	950,653	1,751,083	0.542894312
1992	71	California	11,131,721	18,460,157	0.603013344
1992	62	Colorado	1,569,180	2,494,998	0.628930364
1992	1	Connecticut	1,616,332	2,356,937	0.685776497
1992	11	Delaware	289,735	499,266	0.580321913
1992	55	District of Columbia	227,572	427,102	0.532828224
1992	43	Florida	5,314,392	9,506,230	0.55904307
1992	44	Georgia	2,311,253	4,766,958	0.484848618
1992	82	Hawaii	372,842	795,148	0.468896356
1992	63	Idaho	482,142	734,855	0.656104946
1992	21	Illinois	5,050,157	8,113,900	0.62240809
1992	22	Indiana	2,305,871	4,162,678	0.553939315
1992	31	Iowa	1,354,607	2,057,690	0.658314421
1992	32	Kansas	1,157,335	1,810,750	0.639146762
1992	51	Kentucky	1,492,900	2,772,600	0.538447666
1992	45	Louisiana	1,790,017	2,997,301	0.597209623
1992	2	Maine	679,499	915,082	0.742555312
1992	52	Maryland	1,985,046	3,440,015	0.57704574
1992	3	Massachusetts	2,773,700	4,346,897	0.638087353
1992	23	Michigan	4,274,673	6,786,593	0.629870246
1992	33	Minnesota	2,347,948	3,187,255	0.73666776
1992	46	Mississippi	981,793	1,854,797	0.52932639
1992	34	Missouri	2,391,565	3,792,675	0.630574726
1992	64	Montana	410,611	593,345	0.692027404
1992	35	Nebraska	737,546	1,149,525	0.64160936
1992	65	Nevada	506,318	940,066	0.538598354
1992	4	New Hampshire	537,943	814,160	0.660733762
1992	12	New Jersey	3,343,594	5,398,559	0.619349349
1992	66	New Mexico	569,986	1,073,421	0.530999487
1992	13	New York	6,926,925	12,227,775	0.566491042
1992	47	North Carolina	2,611,850	5,077,494	0.514397457
1992	36	North Dakota	308,133	462,631	0.666044861
1992	24	Ohio	4,939,967	8,063,595	0.612625882
1992	53	Oklahoma	1,390,359	2,293,931	0.606103235
1992	72	Oregon	1,462,643	2,144,867	0.681927131
1992	14	Pennsylvania	4,949,810	9,010,940	0.549311171
1992	5	Rhode Island	453,471	721,593	0.628430431
1992	48	South Carolina	1,202,527	2,610,725	0.460610367
1992	37	South Dakota	336,254	503,759	0.667489812
1992	54	Tennessee	1,982,638	3,726,024	0.532105537
1992	49	Texas	6,154,018	11,356,487	0.541894514
1992	67	Utah	743,999	1,162,363	0.640074572
1992	6	Vermont	289,701	419,810	0.690076463
1992	40	Virginia	2,558,665	4,622,125	0.553568975
1992	73	Washington	2,288,230	3,575,852	0.639911831
1992	56	West Virginia	683,762	1,365,368	0.500789531
1992	25	Wisconsin	2,531,114	3,619,273	0.699343211
1992	68	Wyoming	200,617	324,253	0.618705147
1990	0	United States	67,859,189	176,629,259	0.384189966
1990	41	Alabama	1,215,889	2,956,385	0.411275595
1990	81	Alaska	194,750	364,419	0.534412311
1990	61	Arizona	1,055,406	2,523,614	0.418212135
1990	42	Arkansas	696,209	1,710,799	0.406949618
1990	71	California	7,699,420	18,156,500	0.424058602
1990	62	Colorado	1,022,027	2,366,650	0.431845436
1990	1	Connecticut	1,141,101	2,383,795	0.478690911
1990	11	Delaware	180,152	486,760	0.370104364
1990	55	District of Columbia	169,066	441,742	0.382725663
1990	43	Florida	3,530,871	9,145,312	0.386085352
1990	44	Georgia	1,449,652	4,588,953	0.315900381
1990	82	Hawaii	349,666	770,836	0.453619187
1990	63	Idaho	320,610	690,154	0.464548492
1990	21	Illinois	3,257,410	8,029,525	0.405679041
1990	22	Indiana	1,502,687	4,080,236	0.368284335
1990	31	Iowa	983,933	2,030,935	0.484472915
1990	32	Kansas	786,096	1,783,412	0.440782051
1990	51	Kentucky	916,010	2,722,356	0.336476934
1990	45	Louisiana	1,396,113	2,959,148	0.471795598
1990	2	Maine	522,181	910,982	0.573206715
1990	52	Maryland	1,111,088	3,397,126	0.327067056
1990	3	Massachusetts	2,341,990	4,384,671	0.534131295
1990	23	Michigan	2,564,563	6,693,069	0.383166975
1990	33	Minnesota	1,806,777	3,136,830	0.575988179
1990	46	Mississippi	368,502	1,824,156	0.202012328
1990	34	Missouri	1,352,552	3,740,308	0.36161514
1990	64	Montana	319,336	573,045	0.557261646
1990	35	Nebraska	593,828	1,131,746	0.524700772
1990	65	Nevada	320,743	858,018	0.373818498
1990	4	New Hampshire	294,819	814,549	0.361941393
1990	12	New Jersey	1,938,454	5,429,251	0.357038936
1990	66	New Mexico	411,236	1,026,902	0.400462751
1990	13	New York	4,056,896	12,271,903	0.330584099
1990	47	North Carolina	2,069,585	4,938,968	0.419031871
1990	36	North Dakota	233,973	461,711	0.506752059
1990	24	Ohio	3,477,650	7,975,680	0.436031787
1990	53	Oklahoma	911,314	2,251,719	0.404719239
1990	72	Oregon	1,112,847	2,057,833	0.540785866
1990	14	Pennsylvania	3,052,760	8,962,083	0.340630632
1990	5	Rhode Island	364,052	725,084	0.502082517
1990	48	South Carolina	760,965	2,537,384	0.299901395
1990	37	South Dakota	258,976	494,849	0.523343485
1990	54	Tennessee	790,441	3,624,940	0.218056299
1990	49	Texas	3,892,746	11,034,190	0.352789466
1990	67	Utah	442,213	1,086,050	0.407175544
1990	6	Vermont	211,422	415,564	0.50875918
1990	40	Virginia	1,152,854	4,512,504	0.255479884
1990	73	Washington	1,313,217	3,421,256	0.383840613
1990	56	West Virginia	404,305	1,347,723	0.29999117
1990	25	Wisconsin	1,379,727	3,541,548	0.38958303
1990	68	Wyoming	160,109	312,961	0.511594096
1988	0	United States	91,594,691	173,579,281	0.527682166
1988	41	Alabama	1,378,476	2,901,744	0.475050866
1988	81	Alaska	200,116	355,023	0.563670523
1988	61	Arizona	1,171,873	2,454,254	0.477486438
1988	42	Arkansas	827,738	1,689,491	0.489933359
1988	71	California	9,887,065	17,738,700	0.557372581
1988	62	Colorado	1,372,394	2,327,768	0.589575078
1988	1	Connecticut	1,443,394	2,379,699	0.606544777
1988	11	Delaware	249,891	472,441	0.528935888
1988	55	District of Columbia	192,877	453,636	0.4251801
1988	43	Florida	4,302,313	8,777,510	0.490151877
1988	44	Georgia	1,809,672	4,459,739	0.4057798
1988	82	Hawaii	354,461	739,890	0.479072565
1988	63	Idaho	408,968	667,345	0.612828447
1988	21	Illinois	4,559,120	7,950,848	0.57341305
1988	22	Indiana	2,168,621	3,996,319	0.542654628
1988	31	Iowa	1,225,614	2,021,793	0.606201525
1988	32	Kansas	993,044	1,774,451	0.559634501
1988	51	Kentucky	1,322,517	2,680,364	0.493409477
1988	45	Louisiana	1,628,202	2,941,023	0.553617568
1988	2	Maine	555,035	888,612	0.624608941
1988	52	Maryland	1,714,358	3,325,582	0.515506158
1988	3	Massachusetts	2,632,801	4,385,728	0.600311054
1988	23	Michigan	3,669,163	6,608,812	0.555192522
1988	33	Minnesota	2,096,790	3,087,194	0.679189581
1988	46	Mississippi	931,527	1,792,847	0.519579752
1988	34	Missouri	2,093,713	3,696,905	0.566342116
1988	64	Montana	365,674	568,014	0.643776386
1988	35	Nebraska	661,465	1,125,252	0.587837213
1988	65	Nevada	350,067	768,131	0.45573867
1988	4	New Hampshire	451,074	800,468	0.563512845
1988	12	New Jersey	3,099,553	5,435,008	0.570294101
1988	66	New Mexico	521,287	1,002,876	0.519792078
1988	13	New York	6,485,683	12,300,666	0.527262751
1988	47	North Carolina	2,134,370	4,794,041	0.44521313
1988	36	North Dakota	297,261	466,684	0.636964198
1988	24	Ohio	4,393,585	7,869,099	0.558333934
1988	53	Oklahoma	1,171,036	2,245,785	0.52143727
1988	72	Oregon	1,201,694	1,982,355	0.606195157
1988	14	Pennsylvania	4,536,251	8,892,826	0.5101023
1988	5	Rhode Island	404,620	721,773	0.560591765
1988	48	South Carolina	986,009	2,453,644	0.401854955
1988	37	South Dakota	312,991	494,034	0.633541416
1988	54	Tennessee	1,636,250	3,551,452	0.460727049
1988	49	Texas	5,427,410	10,833,436	0.500986944
1988	67	Utah	647,008	1,043,170	0.62023256
1988	6	Vermont	243,328	404,795	0.601114144
1988	40	Virginia	2,191,609	4,396,900	0.498444131
1988	73	Washington	1,865,253	3,282,173	0.568298198
1988	56	West Virginia	653,311	1,347,692	0.484762839
1988	25	Wisconsin	2,191,608	3,489,742	0.628014335
1988	68	Wyoming	176,551	315,073	0.560349506
1986	0	United States	64,991,128	170,396,029	0.381412222
1986	41	Alabama	1,236,230	2,869,652	0.430794396
1986	81	Alaska	180,801	351,841	0.513871323
1986	61	Arizona	866,984	2,319,046	0.373853731
1986	42	Arkansas	695,487	1,681,564	0.41359532
1986	71	California	7,443,551	17,166,275	0.433614806
1986	62	Colorado	1,060,765	2,309,652	0.459274817
1986	1	Connecticut	993,692	2,344,327	0.423870902
1986	11	Delaware	160,757	455,609	0.352839825
1986	55	District of Columbia	131,802	465,993	0.282841159
1986	43	Florida	3,429,996	8,384,015	0.409111386
1986	44	Georgia	1,224,948	4,300,049	0.284868382
1986	82	Hawaii	334,115	715,459	0.466993916
1986	63	Idaho	387,426	663,126	0.584241909
1986	21	Illinois	3,144,185	7,912,733	0.397357651
1986	22	Indiana	1,555,505	3,943,714	0.394426421
1986	31	Iowa	910,623	2,020,678	0.450652207
1986	32	Kansas	840,605	1,757,001	0.478431714
1986	51	Kentucky	677,280	2,661,218	0.254500007
1986	45	Louisiana	1,369,897	3,014,498	0.454436195
1986	2	Maine	426,861	858,200	0.497391051
1986	52	Maryland	1,112,637	3,216,833	0.345879628
1986	3	Massachusetts	1,684,079	4,326,264	0.389268662
1986	23	Michigan	2,396,564	6,520,661	0.367533905
1986	33	Minnesota	1,415,989	3,024,070	0.468239492
1986	46	Mississippi	523,563	1,782,721	0.293687571
1986	34	Missouri	1,477,327	3,655,213	0.40416988
1986	64	Montana	317,862	572,113	0.555593038
1986	35	Nebraska	564,422	1,123,099	0.502557655
1986	65	Nevada	261,932	700,192	0.374085965
1986	4	New Hampshire	250,966	760,526	0.329990033
1986	12	New Jersey	1,553,544	5,396,487	0.287880616
1986	66	New Mexico	394,833	987,220	0.399944288
1986	13	New York	4,293,971	12,263,480	0.350142945
1986	47	North Carolina	1,591,330	4,653,016	0.341999684
1986	36	North Dakota	289,013	473,962	0.609780953
1986	24	Ohio	3,121,189	7,781,083	0.401125268
1986	53	Oklahoma	909,925	2,290,182	0.397315585
1986	72	Oregon	1,059,630	1,928,782	0.549377794
1986	14	Pennsylvania	3,388,275	8,820,459	0.384138172
1986	5	Rhode Island	305,663	711,034	0.429885209
1986	48	South Carolina	753,751	2,393,329	0.314938314
1986	37	South Dakota	295,830	492,333	0.600873799
1986	54	Tennessee	1,210,339	3,478,867	0.347911835
1986	49	Texas	3,442,368	10,786,533	0.319135722
1986	67	Utah	435,111	1,024,337	0.424773292
1986	6	Vermont	196,716	389,843	0.504603135
1986	40	Virginia	1,233,611	4,240,797	0.290891311
1986	73	Washington	1,337,367	3,151,152	0.424405741
1986	56	West Virginia	410,131	1,370,305	0.299299061
1986	25	Wisconsin	1,526,960	3,432,034	0.444914007
1986	68	Wyoming	164,720	328,971	0.500712829
1984	0	United States	92,652,680	167,701,904	0.552484365
1984	41	Alabama	1,441,713	2,831,099	0.509241464
1984	81	Alaska	207,605	343,030	0.605209457
1984	61	Arizona	1,025,897	2,151,391	0.476852883
1984	42	Arkansas	884,406	1,668,136	0.530176197
1984	71	California	9,505,423	16,618,345	0.571983732
1984	62	Colorado	1,295,380	2,267,668	0.571238823
1984	1	Connecticut	1,466,900	2,300,533	0.637634844
1984	11	Delaware	254,572	442,354	0.575493835
1984	55	District of Columbia	211,288	471,669	0.447958208
1984	43	Florida	4,180,051	7,976,805	0.524025722
1984	44	Georgia	1,776,120	4,119,852	0.431112574
1984	82	Hawaii	335,846	694,187	0.483797593
1984	63	Idaho	411,144	662,771	0.620340962
1984	21	Illinois	4,819,088	7,922,605	0.608270638
1984	22	Indiana	2,233,069	3,916,362	0.57018963
1984	31	Iowa	1,319,805	2,057,482	0.641466122
1984	32	Kansas	1,021,991	1,751,223	0.583587013
1984	51	Kentucky	1,369,345	2,643,027	0.518097242
1984	45	Louisiana	1,706,822	3,019,930	0.565185948
1984	2	Maine	553,144	840,251	0.658308053
1984	52	Maryland	1,675,873	3,113,967	0.538179435
1984	3	Massachusetts	2,559,453	4,273,437	0.59892143
1984	23	Michigan	3,801,658	6,407,156	0.593345628
1984	33	Minnesota	2,084,449	2,982,015	0.69900688
1984	46	Mississippi	941,104	1,766,654	0.532704197
1984	34	Missouri	2,122,783	3,617,948	0.586736736
1984	64	Montana	384,377	578,925	0.663949562
1984	35	Nebraska	652,090	1,135,012	0.57452256
1984	65	Nevada	286,667	656,862	0.436418913
1984	4	New Hampshire	388,904	718,967	0.540920515
1984	12	New Jersey	3,217,862	5,318,696	0.605009574
1984	66	New Mexico	514,370	956,246	0.537905518
1984	13	New York	6,806,810	12,232,120	0.556470179
1984	47	North Carolina	2,175,361	4,512,013	0.482126492
1984	36	North Dakota	308,971	482,655	0.640148761
1984	24	Ohio	4,547,619	7,732,456	0.588120902
1984	53	Oklahoma	1,255,676	2,324,445	0.540204651
1984	72	Oregon	1,226,527	1,906,880	0.643211424
1984	14	Pennsylvania	4,844,903	8,790,815	0.551132404
1984	5	Rhode Island	410,492	697,537	0.588487779
1984	48	South Carolina	968,529	2,329,080	0.415841877
1984	37	South Dakota	317,867	494,651	0.642608627
1984	54	Tennessee	1,711,994	3,415,760	0.501204417
1984	49	Texas	5,397,571	10,582,774	0.510033664
1984	67	Utah	629,656	998,820	0.630399872
1984	6	Vermont	234,561	381,479	0.61487264
1984	40	Virginia	2,146,635	4,100,160	0.523549081
1984	73	Washington	1,883,910	3,072,714	0.613109453
1984	56	West Virginia	735,742	1,391,427	0.528767948
1984	25	Wisconsin	2,211,689	3,409,202	0.648740966
1984	68	Wyoming	188,968	338,733	0.557867111
1982	0	United States (Excl. Louisiana)	67,615,576	160,466,919	0.421367696
1982	41	Alabama	1,128,725	2,780,689	0.405915584
1982	81	Alaska	194,885	307,558	0.633652839
1982	61	Arizona	726,364	2,017,098	0.360103475
1982	42	Arkansas	789,351	1,639,482	0.481463657
1982	71	California	7,876,698	16,161,555	0.487372533
1982	62	Colorado	956,021	2,196,263	0.435294407
1982	1	Connecticut	1,084,156	2,253,328	0.481135458
1982	11	Delaware	190,960	430,257	0.443827759
1982	55	District of Columbia	117,623	470,719	0.24987944
1982	43	Florida	2,688,566	7,565,499	0.355371933
1982	44	Georgia	1,169,041	3,945,107	0.296326817
1982	82	Hawaii	311,853	671,172	0.464639466
1982	63	Idaho	326,522	650,534	0.501929184
1982	21	Illinois	3,673,681	7,908,220	0.464539555
1982	22	Indiana	1,817,287	3,879,314	0.468455763
1982	31	Iowa	1,038,229	2,068,844	0.501840158
1982	32	Kansas	763,263	1,736,298	0.439592167
1982	51	Kentucky	700,322	2,615,445	0.267763994
1982	45	Louisiana		2,982,702	0
1982	2	Maine	460,295	817,814	0.562835804
1982	52	Maryland	1,139,149	3,034,834	0.375357927
1982	3	Massachusetts	2,050,769	4,184,146	0.490128452
1982	23	Michigan	3,040,008	6,357,552	0.478172731
1982	33	Minnesota	1,804,675	2,943,169	0.613174099
1982	46	Mississippi	645,026	1,743,267	0.370009872
1982	34	Missouri	1,543,521	3,567,803	0.432625064
1982	64	Montana	321,062	569,629	0.563633523
1982	35	Nebraska	547,902	1,128,918	0.485333744
1982	65	Nevada	240,394	621,060	0.387070492
1982	4	New Hampshire	282,588	686,264	0.411777392
1982	12	New Jersey	2,193,945	5,224,732	0.419915318
1982	66	New Mexico	407,466	919,311	0.443229767
1982	13	New York	5,254,891	12,118,685	0.433618912
1982	47	North Carolina	1,321,080	4,347,870	0.303845331
1982	36	North Dakota	262,465	476,851	0.550413022
1982	24	Ohio	3,395,463	7,692,059	0.441424461
1982	53	Oklahoma	883,130	2,302,670	0.383524343
1982	72	Oregon	1,042,009	1,895,706	0.549668039
1982	14	Pennsylvania	3,683,985	8,749,931	0.421030177
1982	5	Rhode Island	342,779	684,977	0.500424102
1982	48	South Carolina	671,625	2,260,577	0.29710335
1982	37	South Dakota	278,562	489,474	0.569104794
1982	54	Tennessee	1,259,785	3,357,236	0.375244695
1982	49	Texas	3,191,091	10,228,820	0.311970589
1982	67	Utah	530,802	962,724	0.551354282
1982	6	Vermont	169,251	372,982	0.45377793
1982	40	Virginia	1,415,622	3,960,296	0.357453584
1982	73	Washington	1,368,476	2,999,997	0.456159123
1982	56	West Virginia	565,314	1,399,303	0.403996847
1982	25	Wisconsin	1,580,344	3,372,875	0.468545084
1982	68	Wyoming	168,555	344,218	0.489675148
1980	0	United States	86,515,221	159,635,102	0.541956123
1980	41	Alabama	1,341,929	2,726,249	0.492225398
1980	81	Alaska	158,445	270,122	0.586568291
1980	61	Arizona	873,945	1,890,167	0.462363908
1980	42	Arkansas	837,582	1,610,104	0.520203664
1980	71	California	8,587,063	15,610,966	0.550066088
1980	62	Colorado	1,184,415	2,071,959	0.571640172
1980	1	Connecticut	1,406,285	2,201,356	0.638826705
1980	11	Delaware	235,900	421,344	0.559875066
1980	55	District of Columbia	175,237	470,956	0.372087838
1980	43	Florida	3,686,930	7,088,658	0.520116784
1980	44	Georgia	1,596,695	3,791,652	0.421108003
1980	82	Hawaii	303,287	646,583	0.469061203
1980	63	Idaho	437,431	633,624	0.690363686
1980	21	Illinois	4,749,721	7,868,300	0.603652759
1980	22	Indiana	2,242,033	3,846,321	0.582903247
1980	31	Iowa	1,317,661	2,070,935	0.636263813
1980	32	Kansas	979,795	1,704,420	0.574855376
1980	51	Kentucky	1,294,627	2,562,572	0.505206098
1980	45	Louisiana	1,548,591	2,868,792	0.539805953
1980	2	Maine	523,011	799,746	0.653971386
1980	52	Maryland	1,540,496	2,964,704	0.519612076
1980	3	Massachusetts	2,524,298	4,110,721	0.614076703
1980	23	Michigan	3,909,725	6,374,955	0.613294525
1980	33	Minnesota	2,051,980	2,882,406	0.711898324
1980	46	Mississippi	892,620	1,704,163	0.523787924
1980	34	Missouri	2,099,824	3,529,489	0.594937114
1980	64	Montana	363,952	554,636	0.656199742
1980	35	Nebraska	640,854	1,115,142	0.574683762
1980	65	Nevada	247,885	573,118	0.432520005
1980	4	New Hampshire	383,990	660,560	0.581309798
1980	12	New Jersey	2,975,684	5,123,773	0.580760311
1980	66	New Mexico	456,971	873,515	0.523140415
1980	13	New York	6,201,959	12,006,100	0.516567328
1980	47	North Carolina	1,855,833	4,203,817	0.441463794
1980	36	North Dakota	301,545	462,223	0.652379912
1980	24	Ohio	4,283,603	7,637,813	0.560841566
1980	53	Oklahoma	1,149,708	2,162,051	0.531767289
1980	72	Oregon	1,181,516	1,880,863	0.628177597
1980	14	Pennsylvania	4,561,501	8,664,166	0.526478948
1980	5	Rhode Island	416,072	675,067	0.616341785
1980	48	South Carolina	894,071	2,176,721	0.410742121
1980	37	South Dakota	327,703	484,328	0.676613782
1980	54	Tennessee	1,617,616	3,285,608	0.492333839
1980	49	Texas	4,541,636	9,572,904	0.474426151
1980	67	Utah	604,222	915,484	0.660002796
1980	6	Vermont	213,299	363,143	0.587369163
1980	40	Virginia	1,866,032	3,830,887	0.487101812
1980	73	Washington	1,742,394	2,923,670	0.59596124
1980	56	West Virginia	737,715	1,387,231	0.531789587
1980	25	Wisconsin	2,273,221	3,322,053	0.684281979
1980	68	Wyoming	176,713	326,644	0.540995702
